bgr (10, 384, 1248, 3)
conv1_1 (10, 384, 1248, 64)
conv1_2 (10, 384, 1248, 64)
pool_1 (10, 192, 624, 64)
conv2_1 (10, 192, 624, 128)
conv2_2 (10, 192, 624, 128)
pool_2 (10, 96, 312, 128)
conv3_1 (10, 96, 312, 256)
conv3_2 (10, 96, 312, 256)
conv3_3 (10, 96, 312, 256)
pool_3 (10, 48, 156, 256)
conv4_1 (10, 48, 156, 512)
conv4_2 (10, 48, 156, 512)
conv4_3 (10, 48, 156, 512)
pool_4 (10, 24, 78, 512)
conv5_1 (10, 24, 78, 512)
conv5_2 (10, 24, 78, 512)
conv5_3 (10, 24, 78, 512)
pool_5 (10, 12, 39, 512)
fc6 (10, 12, 39, 4096)
fc7 (10, 12, 39, 4096)
score_fr (10, 12, 39, 2)
upscore32 (10, 384, 1248, 2)